      0/99     1.87G    0.1188   0.04601         0    0.1648        45       640   0.09426       0.2   0.02079  0.006313    0.1255   0.02818         0
      1/99     3.15G    0.1172   0.03737         0    0.1546        22       640     0.092       0.2   0.02024  0.006338    0.1241   0.02796         0
      2/99     3.15G    0.1172   0.04473         0    0.1619        47       640    0.1082      0.24   0.03023  0.006087    0.1223   0.02782         0
      3/99     3.15G    0.1178   0.04297         0    0.1608        53       640    0.1211       0.2   0.03405  0.006661      0.12   0.02778         0
      4/99     3.15G    0.1139   0.03999         0    0.1539        36       640   0.07722      0.28   0.02762  0.004972    0.1174   0.02799         0
      5/99     3.15G    0.1131   0.04096         0    0.1541        27       640   0.07513      0.28   0.02731   0.00438    0.1146   0.02835         0
      6/99     3.15G    0.1094   0.04477         0    0.1541        31       640    0.1087    0.2683   0.03701  0.005588    0.1114   0.02883         0
      7/99     3.15G    0.1066   0.04339         0      0.15        20       640    0.1355    0.3135   0.05046  0.009786    0.1077   0.02953         0
      8/99     3.15G    0.1056   0.04822         0    0.1538        17       640    0.1572      0.32   0.06543   0.01496    0.1045   0.03006         0
      9/99     3.15G    0.1011   0.04746         0    0.1485        26       640    0.1755     0.315   0.07435   0.01698    0.1016    0.0305         0
     10/99     3.15G   0.09923   0.05293         0    0.1522        30       640    0.1754      0.32   0.07667   0.01769   0.09889   0.03092         0
     11/99     3.15G    0.1011    0.0434         0    0.1445        27       640    0.1948       0.4   0.09545     0.021   0.09596   0.03136         0
     12/99     3.15G   0.09722   0.04002         0    0.1372        25       640    0.1989       0.4    0.0965   0.02116   0.09254   0.03198         0
     13/99     3.15G   0.09508   0.03949         0    0.1346        18       640    0.2161      0.48    0.1302   0.03451    0.0893   0.03249         0
     14/99     3.15G   0.08973   0.05519         0    0.1449        37       640    0.2855      0.36    0.1497   0.04817   0.08644   0.03285         0
     15/99     3.15G   0.08781   0.05351         0    0.1413        29       640    0.3319    0.3577     0.161   0.04964   0.08364   0.03322         0
     16/99     3.15G   0.08015    0.0472         0    0.1274        16       640    0.5247    0.3975    0.3264    0.0779   0.07987   0.03374         0
     17/99     3.15G   0.08711   0.05423         0    0.1413        45       640    0.7307    0.4345    0.4611    0.1284   0.07725   0.03398         0
     18/99     3.15G   0.08228   0.04339         0    0.1257        20       640     0.464    0.5194    0.4292    0.1241   0.07565   0.03415         0
     19/99     3.15G   0.08026   0.06246         0    0.1427        49       640    0.4261      0.48    0.3794    0.1147   0.07322   0.03417         0
     20/99     3.15G   0.07291   0.05848         0    0.1314        38       640    0.5185      0.52    0.4536    0.1272   0.07149   0.03397         0
     21/99     3.15G   0.07574   0.05622         0     0.132        31       640     0.499      0.56    0.5186    0.1593   0.07035   0.03352         0
     22/99     3.15G   0.07021   0.05618         0    0.1264        27       640    0.5224      0.44    0.4487    0.1333   0.06983   0.03297         0
     23/99     3.15G    0.0746    0.0555         0    0.1301        52       640    0.4592      0.48     0.415   0.07783     0.069   0.03254         0
     24/99     3.15G   0.07069   0.04254         0    0.1132        19       640    0.6412      0.36     0.438    0.1779   0.06614   0.03233         0
     25/99     3.15G   0.06973   0.06674         0    0.1365        61       640    0.4758    0.4358    0.4456     0.195   0.06672    0.0315         0
     26/99     3.15G   0.06866   0.04907         0    0.1177        22       640    0.3789      0.44    0.3906   0.09714   0.06453   0.03164         0
     27/99     3.15G   0.06488   0.04192         0    0.1068        29       640    0.3921      0.68    0.4815    0.1452   0.06285   0.03132         0
     28/99     3.15G   0.06565   0.05527         0    0.1209        46       640    0.4164    0.5994    0.4775    0.1708   0.06197   0.03068         0
     29/99     3.15G   0.06298   0.04459         0    0.1076        24       640    0.4096    0.6384    0.5057    0.1475   0.06085   0.03008         0
     30/99     3.15G   0.06738   0.05942         0    0.1268        44       640    0.4582      0.68     0.597    0.2073   0.05936   0.02914         0
     31/99     3.15G   0.06364    0.0508         0    0.1144        45       640    0.1925    0.6389    0.1837   0.04172   0.06578    0.0285         0
     32/99     3.15G   0.06102    0.0542         0    0.1152        31       640    0.6399    0.6398    0.6517     0.274   0.05792   0.02755         0
     33/99     3.15G   0.06064   0.04702         0    0.1077        38       640    0.6313    0.4795    0.5413     0.154   0.06183   0.02644         0
     34/99     3.15G    0.0594   0.03735         0   0.09675        18       640    0.6057    0.7987    0.7382    0.2811   0.05509    0.0264         0
     35/99     3.15G   0.05657   0.04669         0    0.1033        40       640    0.5665      0.64    0.5287    0.1364   0.05912   0.02537         0
     36/99     3.15G   0.05583   0.03852         0   0.09435        40       640    0.5489      0.88    0.6802    0.1217   0.05932   0.02461         0
     37/99     3.15G   0.05685   0.04023         0   0.09708        22       640    0.6284      0.88    0.7354    0.2918   0.05197   0.02421         0
     38/99     3.15G   0.05805   0.03403         0   0.09208        28       640    0.6954      0.64    0.6672    0.2542   0.05269   0.02355         0
     39/99     3.15G   0.05616   0.03564         0    0.0918        38       640    0.6795      0.68    0.6819    0.2595   0.05279   0.02294         0
     40/99     3.15G   0.05498   0.03333         0   0.08832        31       640    0.5665    0.6795      0.61    0.1501   0.05211   0.02248         0
     41/99     3.15G   0.05572   0.03999         0   0.09571        58       640    0.4538    0.5983    0.3965   0.09655   0.05285   0.02187         0
     42/99     3.15G    0.0584   0.03341         0   0.09181        43       640    0.7359      0.68    0.6575    0.1719   0.05257   0.02122         0
     43/99     3.15G   0.05354   0.03425         0   0.08779        44       640     0.754      0.64    0.6381    0.1933    0.0463   0.02098         0
     44/99     3.15G   0.05349   0.03028         0   0.08377        27       640    0.7998    0.6391    0.7171     0.244     0.048   0.02045         0
     45/99     3.15G   0.05769   0.02823         0   0.08593        24       640    0.7992      0.64    0.7471    0.2831   0.04639    0.0199         0
     46/99     3.15G   0.05103   0.03207         0    0.0831        34       640    0.8305       0.6    0.7175    0.3269   0.04664   0.01953         0
     47/99     3.15G   0.05399   0.03022         0   0.08421        48       640    0.7798      0.44    0.6025    0.1654   0.05394   0.01944         0
     48/99     3.15G   0.05099   0.02704         0   0.07803        20       640    0.8791       0.6    0.7734    0.4133   0.04268   0.01898         0
     49/99     3.15G   0.04936   0.02795         0    0.0773        21       640    0.8314       0.6     0.753    0.4117   0.04394   0.01887         0
     50/99     3.15G   0.04788   0.02668         0   0.07456        30       640    0.7616      0.64    0.7477    0.3471   0.04548   0.01856         0
     51/99     3.15G   0.04719   0.02568         0   0.07287        27       640     0.724      0.84    0.8181    0.3726   0.04147   0.01812         0
     52/99     3.15G   0.05231    0.0227         0     0.075        20       640    0.5698       0.8    0.6818    0.1777   0.04762   0.01811         0
     53/99     3.15G   0.05273   0.02472         0   0.07745        37       640    0.6996      0.84    0.7328    0.2494   0.04331   0.01762         0
     54/99     3.15G   0.05013   0.02555         0   0.07567        26       640    0.7777      0.84    0.8236    0.3577   0.03985   0.01753         0
     55/99     3.15G   0.04819   0.03223         0   0.08042        34       640    0.7644       0.8    0.7916    0.3483   0.04089   0.01723         0
     56/99     3.15G   0.04776    0.0271         0   0.07485        32       640    0.4677      0.64    0.4798   0.08644   0.05761   0.01723         0
     57/99     3.15G   0.06612   0.02511         0   0.09123        32       640    0.6425      0.52    0.6451    0.2493   0.05771   0.01681         0
     58/99     3.15G   0.05286   0.03347         0   0.08633        42       640    0.6555    0.8373     0.781    0.3247   0.04716   0.01696         0
     59/99     3.15G   0.06061   0.02341         0   0.08402        33       640    0.4499      0.72    0.4664    0.1018   0.06692   0.01678         0
     60/99     3.15G    0.0693   0.02455         0   0.09384        26       640    0.6189    0.5196    0.5324    0.1747   0.06029   0.01648         0
     61/99     3.15G   0.05974   0.02635         0   0.08608        32       640    0.6781      0.76     0.803    0.3383   0.05209   0.01605         0
     62/99     3.15G   0.05102    0.0292         0   0.08022        34       640    0.8682       0.8     0.877    0.4518   0.04701   0.01603         0
     63/99     3.15G    0.0544   0.02737         0   0.08177        33       640       0.8       0.8    0.8252    0.3836   0.04353   0.01629         0
     64/99     3.15G   0.04995   0.02109         0   0.07103        36       640     0.777      0.84     0.828    0.3622   0.04721   0.01618         0
     65/99     3.15G   0.05972   0.02149         0   0.08121        23       640    0.6752      0.84    0.7053    0.1668   0.06217   0.01566         0
     66/99     3.15G   0.06191   0.02287         0   0.08479        24       640    0.8399    0.8394     0.854    0.3432   0.04209    0.0162         0
     67/99     3.15G   0.05626   0.02359         0   0.07985        40       640    0.3233     0.879    0.3729   0.08527   0.06498   0.01556         0
     68/99     3.15G   0.06141    0.0219         0   0.08331        30       640    0.7184      0.72    0.8215    0.3847   0.04109    0.0161         0
     69/99     3.15G   0.05192   0.02407         0     0.076        34       640    0.5395      0.76     0.584    0.1948   0.04994   0.01583         0
     70/99     3.15G   0.04611   0.02119         0    0.0673        20       640    0.8947    0.6796    0.8696    0.5182   0.04252   0.01569         0
     71/99     3.15G   0.04763   0.02179         0   0.06941        26       640     0.941      0.64    0.8424    0.4693   0.04734   0.01537         0
     72/99     3.15G   0.05009   0.03384         0   0.08393        43       640    0.8073      0.84    0.8103    0.4402   0.03894   0.01536         0
     73/99     3.15G   0.04786   0.02507         0   0.07293        12       640    0.4604    0.7169    0.5612    0.1794   0.05195   0.01515         0
     74/99     3.15G   0.04928   0.02419         0   0.07347        33       640     0.794       0.8    0.8529    0.4236   0.04239   0.01513         0
     75/99     3.15G   0.05061   0.02463         0   0.07525        35       640       0.5      0.84    0.5973    0.1511   0.05052   0.01527         0
     76/99     3.15G   0.05274   0.02397         0   0.07671        33       640    0.8999    0.7196    0.8665    0.4558   0.03752   0.01506         0
     77/99     3.15G   0.05087   0.02656         0   0.07743        24       640    0.8808    0.5917    0.7718    0.2633   0.04733   0.01514         0
     78/99     3.15G   0.04966   0.02144         0    0.0711        25       640    0.8015      0.84    0.8893    0.5455   0.04028    0.0148         0
     79/99     3.15G   0.04723   0.02528         0   0.07251        42       640    0.7687    0.7979    0.8571    0.3125    0.0391   0.01481         0
     80/99     3.15G   0.04587   0.02121         0   0.06708        28       640     0.846     0.879    0.9065    0.5503   0.03853   0.01462         0
     81/99     3.15G   0.04782   0.02503         0   0.07285        33       640    0.8393      0.84    0.8403    0.3018   0.04398   0.01455         0
     82/99     3.15G   0.05062   0.02485         0   0.07547        53       640    0.8457      0.88    0.8919    0.4609    0.0368   0.01449         0
     83/99     3.15G   0.05221   0.02377         0   0.07599        50       640    0.6459      0.84    0.6728    0.2172   0.05003   0.01442         0
     84/99     3.15G   0.05192    0.0216         0   0.07352        17       640      0.88    0.8798    0.9401    0.5454   0.03401   0.01428         0
     85/99     3.15G   0.04387   0.02199         0   0.06586        24       640    0.8272      0.96    0.9392    0.3908   0.04185   0.01428         0
     86/99     3.15G   0.04512   0.02325         0   0.06837        29       640    0.9149      0.88    0.9475    0.5427   0.03483   0.01403         0
     87/99     3.15G   0.04665   0.02201         0   0.06865        33       640    0.7331      0.88    0.8553    0.4316   0.04349   0.01408         0
     88/99     3.15G   0.04872    0.0267         0   0.07542        52       640    0.9565    0.8794    0.9485    0.5461   0.03573   0.01404         0
     89/99     3.15G   0.04664   0.02207         0   0.06871        17       640    0.8798      0.88    0.8856    0.4101   0.03713   0.01396         0
     90/99     3.15G   0.04011   0.02028         0   0.06039        17       640    0.9564    0.8782    0.9475    0.5955   0.03162   0.01373         0
     91/99     3.15G   0.04031   0.02446         0   0.06477        32       640    0.9091    0.7999    0.8914    0.3327   0.03999   0.01375         0
     92/99     3.15G    0.0413   0.02019         0   0.06148        32       640    0.7585      0.88    0.8092    0.3919   0.03751   0.01363         0
     93/99     3.15G   0.04773   0.02319         0   0.07092        38       640    0.7914      0.76    0.8197    0.3805    0.0387   0.01358         0
     94/99     3.15G    0.0422   0.02113         0   0.06333        32       640    0.7738      0.96    0.8699     0.509   0.03154    0.0134         0
     95/99     3.15G   0.04245   0.02228         0   0.06473        36       640     0.826    0.7596    0.8512    0.4101   0.03775   0.01347         0
     96/99     3.15G   0.04083   0.02338         0   0.06422        31       640      0.95      0.76    0.9096    0.5654   0.03477   0.01339         0
     97/99     3.15G   0.04442   0.02147         0   0.06589        28       640    0.8173    0.7159    0.8143     0.362   0.04045   0.01352         0
     98/99     3.15G   0.04603   0.02482         0   0.07084        55       640    0.7718      0.96    0.9213    0.5614   0.03337   0.01323         0
     99/99     3.15G   0.04399   0.01975         0   0.06374        30       640    0.8166      0.72    0.7934    0.3155   0.04303   0.01335         0
