0 0.491557 0.955245 0.135084 0.089510
0 0.230769 0.930769 0.127580 0.093706
0 0.119137 0.743357 0.114447 0.085315
0 0.244841 0.733566 0.110694 0.088112
0 0.683865 0.644056 0.110694 0.079720
0 0.661351 0.553846 0.106942 0.081119
0 0.732645 0.590909 0.106942 0.079720
0 0.816135 0.560140 0.101313 0.079720
0 0.770169 0.511189 0.106942 0.079720
0 0.674484 0.483217 0.106942 0.076923
0 0.782364 0.427273 0.105066 0.074126
0 0.224203 0.302797 0.099437 0.071329
0 0.348968 0.291608 0.093809 0.062937
0 0.346154 0.240559 0.095685 0.064336
0 0.191370 0.172727 0.086304 0.071329
0 0.281426 0.177622 0.086304 0.064336
0 0.300188 0.139161 0.086304 0.060140
0 0.427767 0.179021 0.082552 0.061538
0 0.494371 0.154545 0.084428 0.065734
0 0.580675 0.144755 0.088180 0.068531
0 0.625704 0.180420 0.091932 0.069930
0 0.367730 0.030070 0.086304 0.057343
0 0.453096 0.025874 0.080675 0.048951
