0 0.081940 0.788690 0.150502 0.279762
0 0.178930 0.741071 0.110368 0.244048
0 0.239130 0.794643 0.150502 0.279762
0 0.306020 0.833333 0.170569 0.285714
0 0.416388 0.794643 0.150502 0.291667
0 0.742475 0.794643 0.240803 0.386905
0 0.531773 0.169643 0.026756 0.041667
0 0.536789 0.220238 0.030100 0.047619
0 0.538462 0.273810 0.033445 0.047619
0 0.540134 0.327381 0.036789 0.059524
0 0.563545 0.160714 0.030100 0.059524
0 0.595318 0.178571 0.026756 0.059524
0 0.598662 0.229167 0.033445 0.053571
0 0.568562 0.241071 0.033445 0.053571
0 0.633779 0.309524 0.036789 0.059524
0 0.638796 0.252976 0.033445 0.065476
0 0.658863 0.160714 0.033445 0.059524
0 0.645485 0.211310 0.033445 0.053571
0 0.672241 0.244048 0.033445 0.059524
0 0.685619 0.193452 0.033445 0.053571
0 0.700669 0.232143 0.030100 0.059524
0 0.719064 0.279762 0.026756 0.059524
0 0.725753 0.130952 0.026756 0.047619
0 0.755853 0.119048 0.026756 0.047619
0 0.734114 0.172619 0.030100 0.047619
0 0.742475 0.214286 0.033445 0.059524
0 0.752508 0.267857 0.033445 0.059524
0 0.777592 0.142857 0.030100 0.047619
0 0.797659 0.175595 0.030100 0.053571
0 0.801003 0.226190 0.030100 0.059524
0 0.782609 0.261905 0.033445 0.059524
0 0.809365 0.095238 0.026756 0.047619
0 0.834448 0.077381 0.030100 0.047619
0 0.857860 0.080357 0.030100 0.053571
0 0.897993 0.068452 0.030100 0.053571
0 0.817726 0.130952 0.036789 0.047619
0 0.846154 0.142857 0.033445 0.059524
0 0.832776 0.169643 0.026756 0.053571
0 0.839465 0.217262 0.033445 0.053571
0 0.864548 0.211310 0.030100 0.053571
0 0.891304 0.199405 0.030100 0.065476
0 0.909699 0.107143 0.026756 0.047619
0 0.918060 0.154762 0.030100 0.059524
0 0.933110 0.190476 0.026756 0.059524
0 0.959866 0.187500 0.026756 0.065476
0 0.983278 0.169643 0.026756 0.065476
