0 0.624214 0.081761 0.147799 0.150943
0 0.773585 0.088050 0.138365 0.163522
0 0.935535 0.232704 0.128931 0.276730
0 0.941824 0.528302 0.116352 0.301887
0 0.940252 0.823899 0.119497 0.276730
0 0.819182 0.292453 0.147799 0.295597
0 0.680818 0.276730 0.135220 0.289308
0 0.547170 0.261006 0.138365 0.295597
0 0.525157 0.547170 0.132075 0.276730
0 0.531447 0.830189 0.113208 0.289308
0 0.660377 0.845912 0.138365 0.283019
0 0.665094 0.559748 0.147799 0.289308
0 0.805031 0.556604 0.144654 0.270440
0 0.808176 0.845912 0.150943 0.308176
