     0/299     1.83G     0.119   0.03904         0     0.158        27       640    0.0495   0.09459  0.009602  0.001267     0.121   0.02756         0
     1/299     3.15G    0.1152   0.04159         0    0.1567        40       640   0.04095    0.1351  0.009123  0.001374    0.1129   0.02775         0
     2/299     3.15G    0.1089   0.04575         0    0.1546        57       640   0.07564   0.08073    0.0128   0.00209    0.1047   0.02862         0
     3/299     3.15G    0.1038   0.04989         0    0.1537        41       640    0.2263    0.1757   0.05826  0.008116   0.09781   0.02927         0
     4/299     3.15G   0.09612   0.05168         0    0.1478        54       640    0.2385    0.3784    0.1439   0.02377   0.09073   0.02989         0
     5/299     3.15G    0.0886   0.05077         0    0.1394        49       640    0.3923    0.4189    0.2521    0.0526   0.08075    0.0308         0
     6/299     3.15G   0.08053   0.05056         0    0.1311        33       640    0.5311    0.6216    0.4743    0.1428   0.07263   0.03035         0
     7/299     3.15G   0.07347   0.04961         0    0.1231        27       640    0.6296    0.6203    0.5297    0.1586   0.06649   0.02921         0
     8/299     3.15G   0.06703   0.05458         0    0.1216        32       640    0.6075    0.6483    0.5431    0.2076   0.06545   0.02685         0
     9/299     3.15G   0.06593   0.04449         0    0.1104        34       640    0.8508    0.5405    0.6273    0.2347   0.06182   0.02429         0
    10/299     3.15G   0.06132   0.04182         0    0.1031        30       640    0.7953     0.527    0.6364    0.2632   0.05522   0.02157         0
    11/299     3.15G   0.06307   0.03695         0       0.1        59       640    0.6179    0.6338    0.6537    0.2382   0.05361   0.01956         0
    12/299     3.15G   0.05805   0.03112         0   0.08918        38       640    0.8111    0.5811    0.6903    0.2496   0.05472   0.01858         0
    13/299     3.15G   0.05708   0.03053         0   0.08761        34       640    0.8758    0.6892    0.7764    0.3006   0.05076   0.01705         0
    14/299     3.15G   0.05617   0.03326         0   0.08944        67       640    0.8323    0.7568    0.8351    0.3896   0.04634   0.01602         0
    15/299     3.15G   0.05538   0.02535         0   0.08073        41       640    0.7895    0.8107    0.8247    0.4026   0.04172   0.01482         0
    16/299     3.15G    0.0562   0.02654         0   0.08274        41       640    0.1367    0.5676    0.1286   0.03159   0.09295   0.01407         0
    17/299     3.15G    0.0694    0.0265         0    0.0959        37       640    0.4832    0.5937    0.4243    0.1201   0.06338   0.01383         0
    18/299     3.15G   0.06464   0.02707         0   0.09171        72       640     0.613    0.6207    0.6925    0.2369   0.05723    0.0139         0
    19/299     3.15G   0.06247   0.02654         0   0.08901        34       640    0.5972    0.6622    0.6172    0.2372   0.06752   0.01319         0
    20/299     3.15G   0.06382   0.02416         0   0.08798        43       640    0.3558    0.6081    0.4194    0.1055   0.06799   0.01325         0
    21/299     3.15G    0.0644   0.02686         0   0.09126       103       640    0.7082    0.8243    0.7994    0.3714   0.05138   0.01325         0
    22/299     3.15G   0.05884   0.02616         0   0.08499        68       640    0.4002    0.6854    0.4743    0.1279   0.06021   0.01282         0
    23/299     3.15G   0.05833   0.02532         0   0.08365        52       640    0.4535    0.8784    0.6004    0.2037    0.0556   0.01265         0
    24/299     3.15G   0.05744   0.02281         0   0.08025        34       640    0.6031    0.7802    0.7359    0.3512   0.04777   0.01265         0
    25/299     3.15G   0.05672   0.02406         0   0.08077        36       640     0.645    0.6876    0.6867    0.1904   0.05384   0.01194         0
    26/299     3.15G   0.05617   0.02526         0   0.08143        48       640    0.5467    0.8639    0.6999    0.3424   0.05276   0.01212         0
    27/299     3.15G   0.05412   0.02408         0   0.07819        43       640    0.5508    0.6216    0.6406    0.2156   0.05595   0.01193         0
    28/299     3.15G    0.0526   0.02296         0   0.07556        71       640     0.756    0.7162    0.7935    0.4738   0.04746   0.01152         0
    29/299     3.15G   0.05196   0.02455         0   0.07652        79       640    0.8512    0.8514    0.9011    0.4611   0.04185   0.01125         0
    30/299     3.15G   0.04996   0.02045         0   0.07041        26       640    0.8168    0.9054    0.8981    0.3796   0.04246   0.01152         0
    31/299     3.15G   0.04945   0.02787         0   0.07731       101       640    0.6397    0.7703    0.7473    0.3467   0.04946   0.01091         0
    32/299     3.15G   0.05064   0.02269         0   0.07333        38       640    0.4919    0.8378    0.6181    0.2601   0.05178   0.01107         0
    33/299     3.15G   0.05095   0.02184         0   0.07279        43       640    0.7129    0.8243    0.8201    0.3541   0.04896   0.01089         0
    34/299     3.15G   0.04741   0.02183         0   0.06924        38       640    0.7023    0.7432    0.8063    0.3517   0.04501   0.01066         0
    35/299     3.15G   0.04796   0.02192         0   0.06988        42       640    0.8235    0.7567    0.8381    0.3277   0.05266   0.01052         0
    36/299     3.15G   0.04877   0.02206         0   0.07082        29       640    0.5663    0.8645    0.7224    0.2944   0.04479   0.01034         0
    37/299     3.15G    0.0459   0.01985         0   0.06575        33       640    0.7391    0.7273    0.8265    0.4125   0.04313   0.01033         0
    38/299     3.15G   0.04341   0.02192         0   0.06533        60       640    0.9997    0.8243    0.9502    0.5653     0.036   0.01035         0
    39/299     3.15G   0.04579   0.02121         0     0.067        65       640    0.9696    0.8784     0.954    0.5792   0.04091   0.01005         0
    40/299     3.15G   0.04684   0.02099         0   0.06783        75       640    0.7497    0.8514    0.8643    0.4603   0.04043   0.01013         0
    41/299     3.15G   0.04284   0.02077         0   0.06361        85       640    0.9195    0.7838     0.929    0.4551   0.03611   0.01006         0
    42/299     3.15G   0.04276   0.01837         0   0.06113        46       640    0.6737    0.8378    0.8203    0.5308   0.03629  0.009963         0
    43/299     3.15G   0.04293   0.01934         0   0.06227        45       640    0.7585    0.8919     0.907     0.543   0.03419  0.009925         0
    44/299     3.15G   0.03946   0.02019         0   0.05965        40       640    0.7329    0.8919    0.9072    0.5188   0.03664  0.009683         0
    45/299     3.15G   0.04404   0.01984         0   0.06389        38       640    0.7824    0.8784    0.9041    0.4395   0.03597  0.009461         0
    46/299     3.15G   0.04166   0.01999         0   0.06165        24       640    0.7094    0.8905     0.805    0.4329   0.03852  0.009513         0
    47/299     3.15G   0.04058   0.01939         0   0.05997        47       640    0.8919    0.9054    0.9366    0.5993   0.03565  0.009426         0
    48/299     3.15G   0.03977   0.01872         0   0.05849        23       640    0.9077     0.797    0.9349     0.539   0.03663  0.009458         0
    49/299     3.15G   0.03814   0.02057         0   0.05871        57       640    0.8351    0.8919    0.9366    0.5782   0.03653  0.009394         0
    50/299     3.15G    0.0434   0.02072         0   0.06412        47       640    0.5841    0.6072    0.6128    0.2442   0.04327   0.00974         0
    51/299     3.15G   0.05049   0.02071         0    0.0712        39       640    0.6793    0.9189    0.8178    0.4176   0.03628  0.009914         0
    52/299     3.15G   0.04638   0.02012         0    0.0665        64       640    0.7835    0.7838    0.8682    0.5377   0.04137  0.009476         0
    53/299     3.15G   0.04991   0.02055         0   0.07045        49       640    0.7845    0.6888    0.8198    0.3489   0.04093  0.009607         0
    54/299     3.15G   0.04703   0.01794         0   0.06497        50       640    0.8049    0.8919    0.8631    0.4018   0.04058  0.009739         0
    55/299     3.15G   0.04785   0.02014         0     0.068        49       640     0.962    0.7162    0.8937     0.497   0.04547  0.009737         0
    56/299     3.15G   0.04628   0.02236         0   0.06864        23       640    0.7943    0.7827    0.8232    0.3714   0.03677  0.009687         0
    57/299     3.15G   0.04392   0.01941         0   0.06333        28       640    0.9589    0.9595    0.9726    0.6193   0.03237  0.009453         0
    58/299     3.15G    0.0421   0.01838         0   0.06048        33       640    0.7865    0.8514     0.825    0.4112   0.03986  0.009345         0
    59/299     3.15G   0.03962   0.01928         0   0.05891        37       640    0.9314    0.9178    0.9582    0.6197   0.03685   0.00923         0
    60/299     3.15G   0.04343   0.02046         0   0.06388        39       640     0.792    0.8378    0.9137    0.4916   0.03561  0.009411         0
    61/299     3.15G   0.04274   0.01868         0   0.06142        31       640    0.9583    0.9322    0.9647    0.6249   0.03321  0.009047         0
    62/299     3.15G   0.04088   0.01802         0    0.0589        56       640    0.8266    0.8373    0.8934    0.3082   0.04051  0.008999         0
    63/299     3.15G   0.04163   0.01807         0    0.0597        26       640    0.8941    0.9189    0.9477    0.6504   0.03081  0.009026         0
    64/299     3.15G    0.0417   0.01979         0   0.06149        53       640    0.8873    0.9595    0.9565     0.606   0.03139  0.009082         0
    65/299     3.15G   0.03725   0.01911         0   0.05636        35       640    0.9297    0.9324    0.9693    0.6671   0.03012  0.008995         0
    66/299     3.15G    0.0404   0.01876         0   0.05917        51       640    0.9846    0.8646    0.9694     0.535   0.03371  0.008911         0
    67/299     3.15G   0.03737    0.0193         0   0.05666        48       640    0.9328    0.9459     0.963    0.6373   0.03325  0.008964         0
    68/299     3.15G   0.04294   0.01676         0    0.0597        27       640    0.8947    0.9186      0.95    0.3803   0.04695  0.009037         0
    69/299     3.15G    0.0488   0.02073         0   0.06954        60       640    0.9474    0.9729    0.9802    0.6883   0.02597  0.008883         0
    70/299     3.15G   0.03836   0.01928         0   0.05763       110       640     0.878     0.973    0.9539    0.5374   0.03329  0.008788         0
    71/299     3.15G   0.03755   0.01864         0   0.05619        39       640    0.8043    0.9459    0.8811    0.5388    0.0308  0.008553         0
    72/299     3.15G   0.03846   0.01858         0   0.05704        48       640    0.8989    0.8784    0.9451    0.6182   0.03195  0.008663         0
    73/299     3.15G   0.03623   0.01671         0   0.05294        60       640    0.9221    0.9593    0.9726    0.5557   0.03156  0.008587         0
    74/299     3.15G   0.03645   0.01753         0   0.05398        41       640    0.9577    0.9174    0.9709    0.6351   0.03223  0.008438         0
    75/299     3.15G   0.03775   0.01804         0   0.05579        44       640         1    0.9185      0.98    0.6875   0.02642  0.008263         0
    76/299     3.15G   0.03559   0.01594         0   0.05153        42       640    0.9722    0.9595    0.9761    0.6055   0.03425  0.008448         0
    77/299     3.15G   0.03245   0.01605         0    0.0485        62       640    0.9561    0.9054    0.9532    0.6265   0.02826  0.008334         0
    78/299     3.15G   0.03491   0.01795         0   0.05286        42       640      0.96     0.973    0.9713    0.6034    0.0295  0.008349         0
    79/299     3.15G   0.03724   0.01875         0   0.05598        64       640     0.934    0.9595    0.9668    0.6951    0.0269  0.008182         0
    80/299     3.15G   0.03554   0.01763         0   0.05317        82       640    0.9439    0.9324    0.9745    0.5619    0.0295  0.008444         0
    81/299     3.15G   0.03373   0.01576         0   0.04949        46       640    0.9594    0.9595    0.9747     0.689   0.02566  0.008296         0
    82/299     3.15G   0.03496   0.01576         0   0.05072        63       640    0.9183    0.9189    0.9667    0.6609   0.02888   0.00831         0
    83/299     3.15G   0.03617   0.01779         0   0.05396        48       640    0.7966    0.6879    0.8068    0.3924    0.0426  0.008874         0
    84/299     3.15G   0.04992   0.01877         0   0.06869        61       640    0.8691    0.8243    0.9253    0.6157   0.03587  0.008832         0
    85/299     3.15G   0.03756   0.01768         0   0.05524        42       640    0.9076    0.9324    0.9633    0.6181   0.03032  0.008508         0
    86/299     3.15G   0.04105   0.01894         0      0.06        18       640    0.9459    0.9459    0.9657    0.6858    0.0283  0.008392         0
    87/299     3.15G   0.02942   0.01615         0   0.04557        38       640    0.9333    0.9457    0.9577    0.6024   0.02951  0.008279         0
    88/299     3.15G   0.03562   0.01708         0   0.05269        49       640    0.9322    0.9459     0.967    0.5458   0.03283  0.008371         0
    89/299     3.15G   0.03768   0.01843         0   0.05612        45       640    0.9594     0.959    0.9693    0.6508   0.03273   0.00856         0
    90/299     3.15G   0.04377   0.01797         0   0.06174        41       640    0.9428    0.9324    0.9661    0.6336   0.03334  0.008749         0
    91/299     3.15G   0.03195   0.01598         0   0.04793        32       640      0.96    0.9728    0.9761    0.7095   0.02621  0.008263         0
    92/299     3.15G   0.03375   0.01566         0   0.04941        29       640    0.9114    0.9729    0.9708    0.6686   0.02807  0.008252         0
    93/299     3.15G     0.036   0.01699         0   0.05298        43       640    0.8877    0.8919    0.9507    0.6411   0.03505  0.008582         0
    94/299     3.15G   0.04105   0.01698         0   0.05803        34       640    0.9324    0.9324     0.944    0.7031   0.02911  0.008554         0
    95/299     3.15G   0.03233   0.01699         0   0.04932        38       640    0.9582    0.9324      0.97    0.6941   0.02836  0.008182         0
    96/299     3.15G   0.03571   0.01771         0   0.05342        33       640     0.935    0.9727    0.9728     0.641   0.02741  0.008119         0
    97/299     3.15G   0.03511   0.01718         0   0.05229        39       640    0.9467    0.9594    0.9607    0.6079   0.03269  0.008602         0
    98/299     3.15G   0.04133   0.01646         0   0.05779        27       640    0.8368    0.9008    0.9095    0.6295   0.03256  0.008848         0
    99/299     3.15G   0.03099   0.01705         0   0.04804        40       640    0.9582    0.9324     0.968    0.7536   0.02463  0.008323         0
   100/299     3.15G    0.0327    0.0169         0    0.0496        24       640    0.9594    0.9595    0.9713    0.6697   0.02772  0.008205         0
   101/299     3.15G   0.02959   0.01776         0   0.04735        56       640    0.9466    0.9595    0.9643    0.7317   0.02333  0.007919         0
   102/299     3.15G   0.02939   0.01444         0   0.04383        39       640    0.9592    0.9595    0.9714    0.7493   0.02599  0.008038         0
   103/299     3.15G   0.03045   0.01621         0   0.04665        62       640    0.9474    0.9729    0.9738    0.6595    0.0269  0.008056         0
   104/299     3.15G   0.03276   0.01479         0   0.04755        32       640    0.9209    0.9442    0.9656    0.6747   0.02835  0.008113         0
   105/299     3.15G   0.03081   0.01677         0   0.04758        27       640    0.9851    0.9324    0.9658    0.6968   0.03096  0.008248         0
   106/299     3.15G   0.03508   0.01807         0   0.05316        45       640    0.9713    0.9459    0.9652    0.6817   0.02782  0.008207         0
   107/299     3.15G   0.02853   0.01614         0   0.04467        49       640    0.9332    0.9442    0.9716    0.6618   0.02636  0.007978         0
   108/299     3.15G   0.03314   0.01744         0   0.05057        92       640    0.9466    0.9595    0.9755    0.7529   0.02508  0.007879         0
   109/299     3.15G   0.02951   0.01623         0   0.04575        46       640    0.9594    0.9595    0.9764    0.7469   0.02654     0.008         0
   110/299     3.15G   0.03268   0.01548         0   0.04816        38       640    0.9101     0.958    0.9511    0.5897   0.03106  0.008362         0
   111/299     3.15G   0.02993   0.01757         0    0.0475        32       640    0.9472     0.973    0.9741    0.6334   0.02563  0.008045         0
   112/299     3.15G   0.03221   0.01579         0     0.048        40       640    0.9231    0.9729     0.975    0.7093   0.02587  0.008046         0
   113/299     3.15G   0.02796   0.01413         0   0.04209        42       640    0.9473     0.973    0.9731    0.6651   0.02691  0.008317         0
   114/299     3.15G   0.03247   0.01698         0   0.04945        32       640    0.9467    0.9593     0.972    0.7089   0.02408    0.0081         0
   115/299     3.15G   0.02719   0.01376         0   0.04095        29       640     0.935     0.973     0.973    0.7036   0.02494  0.008077         0
   116/299     3.15G   0.03086   0.01577         0   0.04663        39       640     0.923     0.973    0.9655    0.6717   0.02467  0.008135         0
   117/299     3.15G   0.02676   0.01514         0    0.0419        29       640    0.9454    0.9459    0.9604    0.7305   0.02466  0.008114         0
   118/299     3.15G   0.03023   0.01565         0   0.04588        40       640    0.9467    0.9594    0.9713    0.7328    0.0243  0.008152         0
   119/299     3.15G   0.02701   0.01364         0   0.04064        31       640    0.9466    0.9595     0.968    0.7126   0.02601  0.008183         0
   120/299     3.15G   0.03219   0.01438         0   0.04658        28       640    0.9717    0.9324    0.9671    0.6828   0.02522  0.008375         0
   121/299     3.15G   0.02849   0.01536         0   0.04385        57       640    0.9714    0.9324    0.9688    0.7009   0.02594  0.008338         0
   122/299     3.15G    0.0275    0.0154         0   0.04291        82       640    0.9715    0.9324    0.9671    0.7113   0.02278  0.007993         0
   123/299     3.15G   0.02661     0.016         0    0.0426        66       640    0.9582    0.9324    0.9737     0.731   0.02352  0.007981         0
   124/299     3.15G   0.02845   0.01401         0   0.04246        31       640    0.9583    0.9323    0.9765    0.7293   0.02147  0.007846         0
   125/299     3.15G   0.02312   0.01443         0   0.03755        53       640    0.9594    0.9595    0.9747    0.7324   0.02047  0.007726         0
   126/299     3.15G    0.0247   0.01375         0   0.03846        23       640    0.9474    0.9729    0.9733    0.7197   0.02285  0.007953         0
   127/299     3.15G   0.02653   0.01556         0   0.04209        28       640    0.9473    0.9726    0.9686     0.751   0.02219  0.008015         0
   128/299     3.15G   0.02836   0.01577         0   0.04412        39       640    0.9458    0.9459    0.9767    0.6963   0.02335  0.008038         0
   129/299     3.15G   0.02396   0.01471         0   0.03867        35       640    0.9459    0.9459    0.9803    0.7662   0.02185  0.007895         0
   130/299     3.15G   0.02577   0.01444         0    0.0402        49       640    0.9467    0.9594    0.9772     0.706   0.02213  0.007886         0
   131/299     3.15G   0.02804   0.01366         0   0.04171        74       640    0.9467    0.9595    0.9725    0.7329   0.02399  0.007947         0
   132/299     3.15G    0.0307   0.01604         0   0.04674        54       640    0.9351    0.9729    0.9638    0.7048   0.02352  0.007976         0
   133/299     3.15G   0.02388   0.01458         0   0.03846        46       640    0.9474    0.9729    0.9675     0.769   0.02244  0.007676         0
   134/299     3.15G   0.02538    0.0141         0   0.03948        46       640    0.9595    0.9595    0.9701    0.7463   0.02212  0.007596         0
   135/299     3.15G   0.02754   0.01454         0   0.04208        32       640    0.9594    0.9595    0.9732    0.7057   0.02656  0.007818         0
   136/299     3.15G   0.03103   0.01473         0   0.04576        41       640    0.9594    0.9595    0.9777    0.7398   0.02291  0.007721         0
   137/299     3.15G   0.02381   0.01534         0   0.03915        29       640    0.9459    0.9459    0.9777    0.7392   0.02194   0.00776         0
   138/299     3.15G   0.02624   0.01429         0   0.04053        50       640    0.9459    0.9459    0.9722    0.7373   0.02359  0.007858         0
   139/299     3.15G   0.02083    0.0119         0   0.03273        25       640    0.9587    0.9459    0.9734    0.7609   0.02016  0.007573         0
   140/299     3.15G   0.02216   0.01465         0   0.03681        56       640    0.9594    0.9595    0.9742    0.7717   0.01956  0.007519         0
   141/299     3.15G   0.02217   0.01177         0   0.03393        23       640    0.9474    0.9729    0.9806    0.7702   0.02116  0.007537         0
   142/299     3.15G   0.02494   0.01386         0   0.03879        34       640      0.96     0.973    0.9785    0.7808   0.02002  0.007477         0
   143/299     3.15G   0.02417   0.01382         0   0.03799        41       640      0.96     0.973     0.982    0.7847   0.02092  0.007684         0
   144/299     3.15G   0.02575    0.0151         0   0.04085        62       640      0.96     0.973    0.9777    0.7496   0.02074  0.007756         0
   145/299     3.15G    0.0236   0.01377         0   0.03737        34       640      0.96    0.9729    0.9761    0.7604   0.01962  0.007668         0
   146/299     3.15G   0.02487   0.01469         0   0.03956        43       640         1    0.9457    0.9794    0.7679   0.02003  0.007546         0
   147/299     3.15G   0.02335   0.01593         0   0.03928        44       640         1    0.9454     0.981    0.7815   0.02054  0.007514         0
   148/299     3.15G   0.02549    0.0153         0   0.04079        57       640    0.9599     0.973    0.9816    0.7299   0.02205  0.007556         0
   149/299     3.15G   0.02283   0.01364         0   0.03647        62       640    0.9473     0.973    0.9782     0.775   0.01929   0.00742         0
   150/299     3.15G   0.02268   0.01405         0   0.03673        37       640    0.9589    0.9459    0.9753    0.7478   0.02057  0.007699         0
   151/299     3.15G   0.02126   0.01437         0   0.03563        44       640    0.9714    0.9459    0.9763    0.7796   0.01973  0.007638         0
   152/299     3.15G   0.02322   0.01522         0   0.03845        46       640    0.9467    0.9594    0.9759    0.7776   0.02084  0.007835         0
   153/299     3.15G   0.02199   0.01356         0   0.03555        47       640    0.9722    0.9458    0.9772    0.7744    0.0201  0.007675         0
   154/299     3.15G   0.02181    0.0139         0    0.0357        95       640    0.9595    0.9594    0.9754     0.763   0.01925  0.007481         0
   155/299     3.15G   0.02117   0.01363         0    0.0348        38       640    0.9722    0.9458    0.9702    0.7618   0.02078  0.007739         0
   156/299     3.15G   0.02605   0.01468         0   0.04073        33       640    0.9595    0.9593    0.9652    0.7653    0.0198  0.007639         0
   157/299     3.15G   0.01994   0.01443         0   0.03436        40       640    0.9594    0.9595    0.9698    0.7745   0.01895  0.007557         0
   158/299     3.15G   0.02142   0.01501         0   0.03643        66       640    0.9595    0.9594    0.9732    0.7819   0.01955  0.007584         0
   159/299     3.15G   0.02223   0.01455         0   0.03678        63       640    0.9722    0.9459    0.9759    0.7646   0.02183  0.007717         0
   160/299     3.15G   0.02692   0.01533         0   0.04225        51       640    0.9719    0.9459    0.9779    0.7062   0.02349  0.007809         0
   161/299     3.15G   0.02178   0.01271         0   0.03449        23       640    0.9471     0.973    0.9799     0.794   0.01951  0.007305         0
   162/299     3.15G   0.02328   0.01404         0   0.03732        60       640    0.9724    0.9595    0.9817    0.7839   0.01862  0.007284         0
   163/299     3.15G   0.02015   0.01275         0    0.0329        39       640    0.9594    0.9595    0.9871    0.7551   0.02156  0.007541         0
   164/299     3.15G   0.02624   0.01548         0   0.04172        49       640    0.9594    0.9595    0.9787    0.7507   0.02048   0.00754         0
   165/299     3.15G   0.01914   0.01151         0   0.03065        49       640    0.9594    0.9595     0.981    0.7845   0.01868   0.00745         0
   166/299     3.15G   0.01944   0.01284         0   0.03228        27       640    0.9726     0.959    0.9779    0.7782   0.01883  0.007487         0
   167/299     3.15G   0.01933   0.01237         0   0.03169        70       640    0.9723    0.9595    0.9757    0.7694   0.01811  0.007577         0
   168/299     3.15G   0.01951   0.01224         0   0.03175        34       640    0.9724    0.9595    0.9715    0.7566   0.01905  0.007844         0
   169/299     3.15G   0.02004   0.01271         0   0.03275        37       640    0.9726    0.9591    0.9737     0.752   0.02022  0.007948         0
   170/299     3.15G   0.02216   0.01371         0   0.03588        50       640    0.9722    0.9459    0.9738    0.7524   0.01899  0.007625         0
   171/299     3.15G   0.01998   0.01102         0     0.031        45       640    0.9717    0.9459    0.9759    0.7482   0.02015  0.007663         0
   172/299     3.15G   0.02191   0.01234         0   0.03425        55       640    0.9721    0.9459    0.9744     0.745   0.01996  0.007598         0
   173/299     3.15G   0.01981   0.01277         0   0.03258        45       640    0.9722    0.9459     0.971    0.7673   0.01897  0.007396         0
   174/299     3.15G   0.02177    0.0136         0   0.03538        47       640    0.9722    0.9459    0.9747    0.7496   0.01986  0.007418         0
   175/299     3.15G    0.0203   0.01184         0   0.03214        33       640    0.9854    0.9459     0.973    0.7688   0.02104  0.007447         0
   176/299     3.15G   0.02295   0.01378         0   0.03674        37       640    0.9995    0.9459    0.9765    0.7732   0.01999  0.007298         0
   177/299     3.15G   0.02145   0.01232         0   0.03377        44       640    0.9996    0.9324    0.9769    0.7663    0.0203  0.007298         0
   178/299     3.15G    0.0216   0.01215         0   0.03375        40       640         1    0.9323    0.9778    0.7752   0.01905  0.007319         0
   179/299     3.15G   0.01972   0.01356         0   0.03328        31       640    0.9474    0.9729    0.9777    0.7818    0.0186  0.007261         0
   180/299     3.15G   0.02077   0.01305         0   0.03382        31       640      0.96     0.973    0.9772    0.7839   0.01818  0.007215         0
   181/299     3.15G   0.01911    0.0125         0   0.03161        48       640      0.96    0.9729    0.9767    0.7836   0.01808  0.007283         0
   182/299     3.15G   0.01875   0.01304         0   0.03178        79       640    0.9724    0.9595    0.9757    0.7585   0.01856  0.007527         0
   183/299     3.15G   0.01924   0.01264         0   0.03188        40       640    0.9726    0.9594    0.9761    0.7737   0.01873  0.007505         0
   184/299     3.15G   0.02337   0.01364         0     0.037        27       640    0.9725    0.9595    0.9559    0.7464   0.01894  0.007521         0
   185/299     3.15G   0.01893   0.01378         0   0.03271        65       640    0.9725    0.9595    0.9773    0.7627   0.01848  0.007417         0
   186/299     3.15G   0.01937   0.01201         0   0.03138        31       640    0.9999    0.9595    0.9743    0.7703   0.01874  0.007499         0
   187/299     3.15G   0.01809    0.0118         0   0.02989        41       640    0.9997    0.9595    0.9778    0.7614   0.01916  0.007536         0
   188/299     3.15G   0.02124   0.01303         0   0.03427        53       640    0.9987    0.9459     0.978    0.7766   0.01834  0.007432         0
   189/299     3.15G   0.01818   0.01194         0   0.03012        47       640         1    0.9449    0.9782    0.7833   0.01892  0.007413         0
   190/299     3.15G   0.01834    0.0113         0   0.02964        38       640    0.9853    0.9459    0.9798    0.7616   0.01828  0.007378         0
   191/299     3.15G   0.01898   0.01309         0   0.03207        28       640    0.9859    0.9457     0.981    0.7704   0.01939  0.007441         0
   192/299     3.15G   0.01861   0.01213         0   0.03074        30       640    0.9726    0.9594    0.9809    0.7787    0.0185  0.007287         0
   193/299     3.15G   0.01864   0.01204         0   0.03068        33       640    0.9858    0.9459    0.9796     0.784   0.01804  0.007362         0
   194/299     3.15G   0.01941   0.01302         0   0.03243        91       640         1    0.9448     0.981    0.7938   0.01803  0.007322         0
   195/299     3.15G   0.01695   0.01144         0    0.0284        32       640         1    0.9453    0.9807    0.7977   0.01757  0.007179         0
   196/299     3.15G   0.01842   0.01077         0   0.02918        41       640    0.9727     0.973    0.9852    0.7792    0.0187  0.007155         0
   197/299     3.15G   0.01919   0.01275         0   0.03194        31       640         1    0.9458    0.9865    0.7924   0.01903  0.007109         0
   198/299     3.15G   0.02061   0.01304         0   0.03365        48       640    0.9729     0.973    0.9895    0.7903   0.01885    0.0071         0
   199/299     3.15G   0.01842   0.01152         0   0.02994        42       640    0.9729     0.973    0.9895    0.7829   0.01868  0.007017         0
   200/299     3.15G   0.01898   0.01255         0   0.03153        43       640     0.973    0.9728    0.9896    0.7687   0.01939  0.007008         0
   201/299     3.15G   0.01774   0.01153         0   0.02927        31       640      0.96    0.9727      0.99    0.7949   0.01807  0.006881         0
   202/299     3.15G   0.01757    0.0108         0   0.02837        29       640    0.9725    0.9595    0.9891    0.7711   0.01988  0.007147         0
   203/299     3.15G   0.01743   0.01078         0   0.02821        30       640    0.9726    0.9595    0.9885    0.7937   0.01856  0.007111         0
   204/299     3.15G   0.02178    0.0142         0   0.03597        98       640    0.9725    0.9595    0.9895    0.8025   0.01791  0.007104         0
   205/299     3.15G   0.01869   0.01178         0   0.03047        28       640      0.96    0.9729    0.9901    0.8048   0.01827  0.007138         0
   206/299     3.15G   0.01793   0.01054         0   0.02847        41       640     0.973     0.973      0.99    0.7829   0.01854  0.007173         0
   207/299     3.15G   0.01765   0.01066         0   0.02831        36       640    0.9728     0.973    0.9905    0.7985   0.01765  0.007094         0
   208/299     3.15G    0.0177   0.01248         0   0.03018        66       640     0.973    0.9728    0.9917    0.7839   0.01887  0.007167         0
   209/299     3.15G    0.0177   0.01147         0   0.02917        28       640     0.973    0.9728    0.9908    0.7908    0.0174  0.007128         0
   210/299     3.15G   0.01845    0.0108         0   0.02925        52       640     0.973    0.9728    0.9872    0.7838   0.01883  0.007366         0
   211/299     3.15G   0.01775   0.01203         0   0.02978        48       640    0.9729     0.973    0.9787    0.7909   0.01782  0.007151         0
   212/299     3.15G   0.01936   0.01209         0   0.03145        47       640    0.9729     0.973    0.9908    0.8006   0.01756  0.007045         0
   213/299     3.15G   0.01687   0.01198         0   0.02885        41       640     0.973     0.973    0.9877    0.7958   0.01742  0.007067         0
   214/299     3.15G   0.01789   0.01166         0   0.02955        27       640     0.973     0.973    0.9858    0.7824   0.01847  0.007238         0
   215/299     3.15G    0.0156   0.01004         0   0.02563        36       640    0.9729     0.973    0.9856    0.7857   0.01793   0.00728         0
   216/299     3.15G   0.01631  0.009444         0   0.02576        26       640    0.9729     0.973    0.9866    0.7932   0.01791  0.007169         0
   217/299     3.15G   0.01575   0.01142         0   0.02716        45       640     0.973    0.9728     0.987    0.7873   0.01791  0.007175         0
   218/299     3.15G   0.01712   0.01203         0   0.02915        40       640    0.9994    0.9459    0.9846     0.795   0.01803  0.007238         0
   219/299     3.15G   0.02034   0.01327         0   0.03361        45       640    0.9997    0.9459    0.9827    0.7837   0.01822  0.007283         0
   220/299     3.15G   0.01736   0.01139         0   0.02874        64       640    0.9727     0.973    0.9815    0.7755    0.0188  0.007437         0
   221/299     3.15G   0.01777   0.01245         0   0.03022        54       640    0.9999    0.9459    0.9802    0.7891   0.01843  0.007382         0
   222/299     3.15G   0.01661   0.01055         0   0.02716        45       640    0.9728     0.973    0.9825    0.7913   0.01872  0.007395         0
   223/299     3.15G   0.01848   0.01183         0   0.03031        37       640     0.973     0.973    0.9827     0.792   0.01848  0.007366         0
   224/299     3.15G   0.01684   0.01109         0   0.02793        42       640    0.9729     0.973    0.9835    0.7769   0.01908  0.007457         0
   225/299     3.15G   0.01693   0.01083         0   0.02776        51       640    0.9729     0.973    0.9841    0.7953   0.01788  0.007355         0
   226/299     3.15G   0.01668    0.0118         0   0.02848        28       640    0.9863    0.9728    0.9847    0.7887   0.01803  0.007326         0
   227/299     3.15G   0.01688   0.01109         0   0.02796        51       640    0.9862     0.973    0.9845    0.7854   0.01792  0.007251         0
   228/299     3.15G   0.01594   0.01081         0   0.02675        67       640     0.986     0.973     0.984    0.7777   0.01817  0.007361         0
   229/299     3.15G   0.01627    0.0109         0   0.02718        66       640    0.9863     0.973    0.9838    0.7922   0.01784  0.007301         0
   230/299     3.15G   0.01535   0.01115         0    0.0265        63       640    0.9861     0.973    0.9837    0.7834   0.01806  0.007303         0
   231/299     3.15G   0.01733   0.01293         0   0.03026        93       640     0.973     0.973    0.9833    0.7874   0.01799  0.007296         0
   232/299     3.15G   0.01578   0.01066         0   0.02644        37       640    0.9729     0.973    0.9834    0.7889   0.01812  0.007331         0
   233/299     3.15G   0.01806    0.0118         0   0.02986        47       640    0.9598     0.973    0.9826    0.7853   0.01801  0.007334         0
   234/299     3.15G   0.01665   0.01156         0   0.02821        35       640      0.96     0.973     0.983    0.7879   0.01833  0.007421         0
   235/299     3.15G   0.01468   0.01008         0   0.02476        29       640    0.9723    0.9595    0.9821    0.7786   0.01836  0.007507         0
   236/299     3.15G   0.01594    0.0114         0   0.02734        35       640     0.959    0.9595     0.982    0.7817   0.01834  0.007388         0
   237/299     3.15G   0.01789   0.01296         0   0.03085        66       640    0.9854    0.9324    0.9815    0.7852   0.01837  0.007338         0
   238/299     3.15G   0.01707   0.01063         0   0.02771        42       640         1    0.9322    0.9817    0.7834   0.01808  0.007316         0
   239/299     3.15G   0.01582   0.01135         0   0.02716        42       640         1    0.9322    0.9826    0.7896   0.01814  0.007244         0
   240/299     3.15G   0.01669   0.01163         0   0.02833        87       640    0.9997    0.9324    0.9825    0.7708   0.01843  0.007229         0
   241/299     3.15G   0.01477   0.01033         0   0.02511        28       640    0.9725    0.9595    0.9826    0.7915   0.01781  0.007188         0
   242/299     3.15G   0.01662   0.01131         0   0.02793        57       640    0.9724    0.9595    0.9821    0.7874   0.01787  0.007264         0
   243/299     3.15G     0.016   0.01069         0   0.02669        34       640    0.9726    0.9595    0.9852    0.7917    0.0181  0.007206         0
   244/299     3.15G   0.01781   0.01096         0   0.02878        86       640    0.9726    0.9591    0.9833    0.8015   0.01762  0.007064         0
   245/299     3.15G   0.01485  0.009911         0   0.02476        60       640    0.9726    0.9593    0.9832    0.7836   0.01782  0.007087         0
   246/299     3.15G   0.01584   0.01088         0   0.02672        40       640      0.96     0.973    0.9857    0.7862   0.01804  0.007156         0
   247/299     3.15G   0.01564   0.01142         0   0.02706        42       640    0.9599     0.973     0.986     0.788   0.01784  0.007175         0
   248/299     3.15G    0.0147   0.01028         0   0.02498        39       640     0.973    0.9729    0.9875    0.7795   0.01851  0.007235         0
   249/299     3.15G   0.01516    0.0104         0   0.02556        42       640      0.96    0.9728    0.9873    0.7837   0.01853  0.007196         0
   250/299     3.15G   0.01616     0.011         0   0.02716        44       640      0.96    0.9728    0.9842     0.788    0.0182  0.007101         0
   251/299     3.15G   0.01549    0.0113         0   0.02679        49       640      0.96     0.973     0.984    0.7969   0.01807  0.007133         0
   252/299     3.15G    0.0168   0.01064         0   0.02744        52       640     0.973    0.9729    0.9845    0.7932   0.01834   0.00719         0
   253/299     3.15G   0.01478   0.01028         0   0.02506        31       640    0.9729     0.973    0.9842    0.7958   0.01822  0.007163         0
   254/299     3.15G   0.01498    0.0107         0   0.02569        47       640     0.973    0.9729    0.9844    0.7812   0.01841  0.007187         0
   255/299     3.15G   0.01501  0.009623         0   0.02463        33       640     0.973    0.9729    0.9846    0.7836   0.01797  0.007163         0
   256/299     3.15G   0.01425   0.01021         0   0.02446        29       640      0.96    0.9728    0.9841    0.7847   0.01803  0.007137         0
   257/299     3.15G   0.01296  0.008792         0   0.02176        41       640    0.9859    0.9459    0.9836     0.782   0.01816  0.007129         0
   258/299     3.15G   0.01448  0.009957         0   0.02444        31       640    0.9857    0.9459    0.9831    0.7917   0.01775  0.006972         0
   259/299     3.15G   0.01552   0.01103         0   0.02655        41       640    0.9857    0.9459    0.9832    0.7945    0.0178  0.006912         0
   260/299     3.15G   0.01415   0.00971         0   0.02386        36       640    0.9989    0.9459     0.984    0.7941   0.01773  0.006872         0
   261/299     3.15G   0.01338  0.009144         0   0.02252        43       640         1    0.9454    0.9844    0.7895    0.0178  0.006872         0
   262/299     3.15G   0.01681   0.01074         0   0.02755        31       640    0.9997    0.9459    0.9843     0.783   0.01774  0.006844         0
   263/299     3.15G   0.01523   0.01024         0   0.02547        81       640    0.9997    0.9459    0.9844    0.7888   0.01787  0.006854         0
   264/299     3.15G   0.01437    0.0101         0   0.02446        46       640    0.9998    0.9459    0.9842    0.7896   0.01811  0.006935         0
   265/299     3.15G   0.01381      0.01         0   0.02382        32       640         1    0.9459    0.9841     0.791   0.01802  0.006884         0
   266/299     3.15G   0.01466   0.01044         0    0.0251        28       640         1    0.9458    0.9843    0.7833    0.0178  0.006924         0
   267/299     3.15G   0.01545   0.01049         0   0.02594        47       640    0.9997    0.9459    0.9837    0.7912   0.01779  0.006958         0
   268/299     3.15G   0.01557   0.01119         0   0.02676        34       640         1    0.9459    0.9833     0.787   0.01778  0.006971         0
   269/299     3.15G    0.0143  0.009588         0   0.02389        50       640    0.9998    0.9459    0.9855    0.7863   0.01769  0.006967         0
   270/299     3.15G    0.0154   0.01032         0   0.02572        58       640    0.9998    0.9459    0.9851     0.783   0.01777  0.007012         0
   271/299     3.15G   0.01428   0.01069         0   0.02498        75       640    0.9999    0.9459    0.9854    0.8019   0.01773  0.007077         0
   272/299     3.15G   0.01628   0.01069         0   0.02697        83       640    0.9996    0.9459    0.9853    0.7914   0.01772  0.007072         0
   273/299     3.15G   0.01721   0.01007         0   0.02728        32       640    0.9999    0.9459    0.9856    0.7821   0.01764  0.007082         0
   274/299     3.15G   0.01431      0.01         0   0.02432        40       640         1    0.9456    0.9856    0.7915   0.01766  0.007105         0
   275/299     3.15G   0.01591   0.01015         0   0.02606        23       640         1    0.9456     0.986    0.7841   0.01757  0.007134         0
   276/299     3.15G   0.01712   0.01103         0   0.02815        70       640         1    0.9458    0.9861    0.7813     0.018  0.007263         0
   277/299     3.15G   0.01342  0.009815         0   0.02323        40       640         1    0.9459    0.9869    0.7905   0.01773  0.007238         0
   278/299     3.15G   0.01438   0.01004         0   0.02442        39       640    0.9726    0.9595    0.9869    0.7921   0.01789  0.007269         0
   279/299     3.15G   0.01439  0.009174         0   0.02357        77       640         1    0.9458    0.9866    0.7927   0.01807  0.007295         0
   280/299     3.15G   0.01479   0.01089         0   0.02568        36       640    0.9999    0.9459    0.9858    0.7928   0.01826   0.00737         0
   281/299     3.15G   0.01561   0.01119         0   0.02681        37       640    0.9999    0.9459    0.9862    0.7967   0.01799  0.007313         0
   282/299     3.15G    0.0155   0.01023         0   0.02573        26       640    0.9861    0.9592    0.9866    0.7961   0.01819  0.007294         0
   283/299     3.15G   0.01695   0.01174         0   0.02869        30       640    0.9861    0.9593    0.9867    0.7871   0.01802  0.007272         0
   284/299     3.15G   0.01434  0.009054         0   0.02339        36       640    0.9997    0.9459    0.9868    0.7934   0.01807  0.007252         0
   285/299     3.15G   0.01404   0.00966         0    0.0237        36       640    0.9999    0.9459    0.9871    0.7935   0.01793  0.007249         0
   286/299     3.15G   0.01491   0.01035         0   0.02526        45       640    0.9999    0.9459    0.9869    0.7896   0.01802  0.007237         0
   287/299     3.15G   0.01446   0.01093         0   0.02539        50       640    0.9861    0.9593    0.9871    0.7819   0.01857  0.007252         0
   288/299     3.15G   0.01291  0.009186         0    0.0221        29       640    0.9997    0.9459    0.9872    0.7823   0.01836  0.007202         0
   289/299     3.15G   0.01422   0.01009         0   0.02431        40       640    0.9999    0.9459    0.9869    0.7856   0.01819  0.007141         0
   290/299     3.15G   0.01479    0.0103         0    0.0251        32       640    0.9997    0.9459    0.9867    0.7855   0.01829  0.007155         0
   291/299     3.15G   0.01298  0.008996         0   0.02198        34       640         1    0.9457    0.9871    0.7876   0.01843  0.007196         0
   292/299     3.15G   0.01684   0.01168         0   0.02852        48       640         1    0.9457    0.9876    0.7839   0.01857  0.007272         0
   293/299     3.15G   0.01432  0.009918         0   0.02424        30       640         1    0.9454    0.9874    0.7829   0.01813  0.007216         0
   294/299     3.15G    0.0143   0.01006         0   0.02437        37       640    0.9858    0.9459    0.9877    0.7825   0.01806  0.007215         0
   295/299     3.15G   0.01478  0.009856         0   0.02464        52       640    0.9859    0.9459    0.9881    0.7858   0.01793  0.007242         0
   296/299     3.15G   0.01271  0.009417         0   0.02213        54       640         1    0.9454    0.9881    0.7933    0.0177  0.007239         0
   297/299     3.15G   0.01267  0.008483         0   0.02116        41       640         1    0.9454     0.988    0.7991   0.01745  0.007231         0
   298/299     3.15G   0.01536   0.01035         0   0.02572        46       640         1    0.9459    0.9881    0.7985   0.01758  0.007212         0
   299/299     3.15G   0.01532   0.01047         0   0.02579        44       640    0.9997    0.9459    0.9882    0.8017   0.01758   0.00723         0
